2
906
242
-500
651
49
2305
4970
2030
2155
4506
4616
4508
2985
4945
6581
3237
5155
2873
4284
3595
6784
5217
8270
8341
7991
4059
7872
8999
9527
6796
8908
8216
8722
12277
9095
10660
12471
9979
10968
11497
11532
9320
11759
14154
8999
13395
12115
10788
15573
13364
9841
12131
13020
11616
13148
11750
13012
14329
10442
11931
10628
11576
9085
10044
10587
12402
12679
8059
8824
11223
6267
8805
9240
11445
10182
8102
7770
7717
10636
6842
6778
7664
6511
6065
4101
5765
4663
7230
5971
4412
5315
3152
5307
3049
3751
17
2603
-1424
-2414
335
-1105
443
3820
-2086
-2079
-953
-800
-2369
-2784
-1508
-2194
-5344
-3977
-4118
-6422
-4395
-6741
-3777
-5504
-6008
-7546
-7002
-10685
-9419
-7016
-11780
-6697
-11628
-7379
-10512
-7827
-9224
-12448
-7647
-7504
-10411
-10970
-10939
-12571
-8993
-12092
-11340
-12799
-12610
-13885
-9413
-12032
-10085
-11857
-13177
-12550
-12994
-11984
-12675
-12529
-14449
-13387
-8914
-13044
-13667
-11085
-9071
-14122
-11770
-12411
-14312
-9677
-10890
-10557
-11867
-9512
-11109
-10194
-11720
-11694
-6872
-9951
-8267
-8598
-9069
-8918
-6592
-7984
-7421
-6809
-4426
-5007
-5226
-6606
-7751
-3221
-2853
-4503
-2928
-2147
-1704
-1186
-3305
603
-4005
155
-140
910
3088
2746
-1620
-2230
2647
-285
1884
3780
-330
-811
3809
3774
3600
4457
3179
2340
5095
3973
3084
7268
6556
7702
5485
6371
6040
6517
8732
7231
9532
9746
13014
7087
11409
9857
10191
7795
9755
12089
10762
11204
10673
13401
11401
7585
10395
8181
5945
10905
14310
12034
9867
10301
14035
12278
12064
11853
11979
13309
12792
12113
9763
12465
10208
13292
8908
10810
10897
8367
13683
13033
9382
11407
10493
4890
9820
9024
9041
6702
7896
7792
9977
8158
7256
9722
5667
5657
2772
8546
7131
6714
5932
4586
4431
3241
2976
3085
5351
3269
1801
499
33
3694
1354
195
-918
-2659
-1150
177
-2467
-2533
-2883
-2647
-6068
-3978
-5442
-2658
-5979
-3891
-2519
-6156
-6998
-5888
-6548
-8638
-6319
-3813
-8191
-8369
-10155
-7963
-11036
-11031
-6973
-11135
-7779
-7193
-9671
-9334
-6999
-11039
-11915
-13436
-11067
-8611
-9667
-13200
-13143
-12600
-11243
-12205
-11505
-11401
-12505
-12061
-11627
-12149
-11079
-8594
-10861
-11780
-14858
-11057
-15179
-14121
-9945
-10100
-11518
-14193
-11639
-12038
-9505
-6413
-9902
-11501
-12002
-9783
-9778
-11302
-8780
-10813
-6483
-6308
-5996
-8523
-6457
-7327
-7489
-7093
-8509
-8450
-4097
-5541
-4473
-2721
-7301
-5245
-3168
-2424
-3451
-561
-1673
-3872
-2998
494
246
-3639
2573
1592
3301
559
1083
-49
6908
2385
5916
2248
4059
1103
3767
6566
2878
7391
6393
4227
5517
5902
6940
6360
6124
7345
6319
6112
8604
10530
6429
9421
8469
8094
11595
9322
13138
9214
11480
10531
9729
12280
11068
12547
11480
9704
11556
11904
13595
10287
11885
8882
13169
10053
8740
11866
13932
9157
9889
10446
9675
12305
10072
10118
12348
9809
11808
9131
8537
7244
13718
9601
10417
9713
9838
9412
12521
6972
5785
6506
5656
9127
8975
5477
4407
5967
8799
904
6605
3393
6870
2720
3805
1262
1865
5766
4393
1834
630
-1575
760
1047
585
199
-2019
-487
-805
1220
1891
-2080
-3576
-2674
-4009
-4608
-3730
-5851
-3228
-4847
-4547
-5659
-6966
-7685
-6722
-7593
-6489
-7215
-9950
-7661
-10476
-9437
-9119
-12577
-8922
-9051
-9834
-10532
-10650
-11935
-10853
-11543
-10554
-13047
-10605
-10911
-11553
-12208
-10531
-14619
-10880
-11346
-11338
-11211
-13119
-12440
-10845
-11225
-11624
-14707
-10988
-9813
-10053
-11390
-14544
-9961
-11830
-16020
-10668
-13908
-13420
-12083
-8493
-11285
-9953
-7108
-7189
-10039
-10073
-11684
-10432
-8175
-7979
-8235
-6377
-9284
-7714
-6008
-5978
-4800
-5705
-6663
-5134
-7266
-8082
-3750
-4555
-3557
-6820
-4070
-4138
-4257
-6400
-2582
0
-564
-1964
-542
1215
-4748
365
1934
2550
4749
4095
2976
3316
4546
2513
3762
5812
8047
4576
5110
5884
8268
6115
9127
5049
6754
7026
9085
9830
5504
6838
9348
7804
6489
11329
10571
10783
9243
12145
10045
12625
9175
9433
11483
9984
12587
11951
9923
11806
11123
13472
10742
11136
14142
16015
15596
12113
12383
14728
11711
10133
12046
12582
10200
8641
8918
12592
9908
10888
11383
11962
10083
11411
8728
9487
8093
11763
9457
7945
8404
8393
9798
5402
6137
7045
11999
8869
6649
7825
9936
5494
4932
7445
5820
5801
3335
7367
6631
4219
4076
-1164
3272
1411
2177
2258
48
-2748
589
-1776
-1404
-2264
-2157
-6063
-78
-2173
-987
221
-3654
-7287
-5996
-6900
-5967
-5252
-9326
-5426
-9076
-6132
-7167
-7831
-7687
-8810
-9216
-11409
-8693
-5569
-5570
-6990
-8324
-11029
-7421
-10317
-10529
-11107
-10586
-11693
-11209
-13148
-11996
-7335
-11671
-12070
-10766
-10523
-13864
-12283
-10296
-11492
-11775
-9203
-13214
-11828
-12885
-9227
-15372
-13004
-12677
-10446
-10454
-8928
-14156
-9845
-11586
-12108
-9780
-12239
-14143
-10883
-12714
-10979
-8926
-8807
-6278
-9251
-11400
-9741
-9768
-10030
-6772
-8428
-10529
-5412
-6558
-5400
-5531
-4258
-4996
-2503
-3622
-3337
-2956
-5964
-3283
-3096
-1895
-4352
1399
-988
-2990
-3518
-580
133
-631
1195
242
2754
820
2416
4606
7830
1740
3068
2738
6004
2864
4392
5538
4153
4509
5688
3069
4547
6697
7993
7670
5081
7702
10229
10039
9134
7908
10862
8894
8034
8886
13120
11082
12935
10137
12831
10191
11111
15980
12985
10790
11617
12423
14070
11054
8833
11486
12027
12195
14356
12532
13390
9899
13386
15528
13067
12041
11760
14588
9579
10915
11799
12155
9864
11030
9792
10316
9657
7627
9422
10808
7249
8308
9682
6295
8278
5761
9425
11252
10429
6088
7502
6068
5710
7983
2488
6424
4093
6369
3820
1919
3272
3738
2116
2566
384
-2885
2209
1479
119
-392
983
-2072
-2887
-2318
-201
-5198
-913
-4564
-5746
-1844
-4630
-7136
-5776
-3785
-3640
-6875
-5689
-5443
-8190
-6686
-7670
-8859
-9053
-8312
-8637
-9959
-9949
-7411
-9254
-8260
-7895
-9195
-6353
-12103
-9329
-11513
-7746
-8161
-14865
-13206
-10370
-10236
-10414
-11938
-11051
-10743
-12096
-10133
-16063
-10859
-13853
-10247
-12354
-13500
-11175
-13424
-13351
-14443
-11573
-10523
-9457
-11424
-9143
-10847
-10887
-9516
-8463
-10792
-10416
-10058
-9401
-10943
-7236
-9563
-7756
-9814
-7413
-7077
-8256
-3570
-6242
-3407
-4569
-7171
-6345
-4544
-4887
-4571
-4834
-7229
-4030
-7264
-2246
-3864
-3484
-2228
-978
-3681
-3883
-2287
