0
113
257
224
130
74
400
1291
2078
2307
2230
2496
3113
3217
3068
3368
3659
3717
3279
2947
2883
3176
3782
4483
5262
5803
5624
5039
5106
5916
6465
6319
6143
6220
6882
7413
7765
8032
8167
8316
8232
8305
8293
8120
8480
8768
8932
8882
8850
9346
9775
9812
9264
8791
8969
9318
9287
9303
9625
9609
9310
8712
8392
8178
7749
7552
7843
8587
8601
7837
7208
6802
6576
6325
6725
7544
7574
6972
6205
6214
6414
6181
5692
5279
5149
4614
4076
3807
4023
4440
4434
4163
3572
3331
3160
2951
2365
1648
945
-5
-593
-836
-439
353
666
229
-683
-1119
-995
-1260
-1577
-1644
-1942
-2571
-3120
-3495
-3682
-4062
-4059
-3867
-3914
-4294
-4952
-5724
-6543
-6779
-6917
-6714
-6950
-6977
-6903
-6905
-6661
-7133
-7353
-7115
-6646
-6806
-7651
-8350
-8373
-8270
-8261
-8582
-9123
-9506
-9401
-8905
-8358
-8188
-8637
-9088
-9539
-9532
-9398
-9356
-9606
-10003
-9640
-9012
-8872
-9178
-8953
-8513
-8656
-9159
-9600
-9362
-8910
-8251
-8055
-8157
-8053
-7913
-7980
-8329
-7987
-7351
-6701
-6489
-6594
-6565
-6396
-6010
-5687
-5527
-5109
-4363
-3863
-3938
-4553
-4646
-3926
-3051
-2608
-2483
-2045
-1477
-1404
-1261
-1325
-1245
-905
-384
597
1325
1369
388
-289
-134
547
1203
1339
996
663
1180
2244
2876
2883
2651
2573
2752
2945
3309
3904
4804
5158
4912
4681
4603
5027
5471
5996
6500
7350
7767
7669
7482
7476
7412
6948
7172
7780
8332
8336
8489
8844
8482
7721
6942
6335
6194
7023
8551
9182
8551
8300
8852
9373
9321
9011
9129
9402
9536
9110
8626
8347
8550
8546
8177
7953
7586
7877
8503
8897
8740
8138
7259
6499
6117
6452
6581
6050
5753
6006
6449
6414
6315
5972
5461
4392
3883
4428
5105
5271
4626
4022
3400
2863
2493
2589
2889
2765
1998
987
819
1163
1290
734
-344
-1014
-1045
-884
-1033
-1589
-1994
-2458
-3037
-3523
-3446
-3270
-3326
-3115
-3120
-3530
-4340
-4810
-5064
-5323
-5035
-4637
-4837
-5886
-6651
-6956
-7398
-7384
-7273
-6879
-6500
-6344
-6356
-6526
-6672
-7166
-8293
-9101
-8692
-7808
-7603
-8436
-9370
-9492
-9130
-8876
-8758
-8816
-8923
-9020
-9004
-8837
-8335
-7795
-7722
-8592
-9400
-9849
-10182
-9951
-9177
-8217
-8422
-9146
-9403
-8882
-7643
-6722
-6705
-7653
-8337
-8107
-7804
-7591
-7595
-7122
-6210
-5299
-4952
-5226
-5411
-5448
-5398
-5625
-5893
-5639
-4893
-4025
-3356
-3404
-3721
-3873
-3319
-2485
-1935
-1516
-1474
-1832
-1865
-1080
-645
-465
-37
999
1614
1299
817
1191
2148
3056
3219
2846
2454
2042
2545
3080
3755
4187
4334
4268
3972
4250
4695
4828
4906
4952
4945
5101
5785
6351
6492
6337
6287
6767
7146
7883
8216
8188
8132
7870
8035
8202
8621
8873
8603
8308
8238
8777
9105
8944
8352
8123
8255
8008
7827
8149
8686
8491
7808
7437
7804
8059
8068
8129
8101
8280
8089
7528
6798
6801
7507
8037
7933
7462
7366
7591
7584
6772
5567
4651
4904
5630
5917
5304
4338
4378
4355
3997
3401
3471
3731
3297
2647
1839
1978
2614
3002
2356
968
88
5
328
527
74
-443
-703
-423
279
417
-342
-1512
-2324
-2694
-2955
-3317
-3375
-3342
-3319
-3460
-4029
-4686
-5211
-5422
-5351
-5263
-5619
-6060
-6615
-6958
-7076
-7521
-7719
-7646
-7295
-7153
-7555
-8017
-8320
-8472
-8411
-8512
-8669
-8597
-8454
-8468
-8621
-8957
-9174
-9110
-8802
-8433
-8696
-9055
-9147
-8865
-8526
-8907
-9360
-9104
-8296
-7764
-8406
-8986
-9029
-9269
-9542
-9890
-9824
-9676
-9176
-8233
-7699
-7260
-6575
-6074
-6455
-7388
-7999
-7810
-7110
-6372
-5873
-5811
-5909
-5798
-5339
-4561
-4159
-4207
-4334
-4571
-4944
-4948
-4436
-3532
-3350
-3673
-3685
-3437
-3408
-3505
-2778
-1516
-710
-700
-546
-671
-906
-703
300
1760
2578
2901
2775
2653
2651
2649
2863
3713
4507
4521
4162
4354
4941
5472
5475
5152
4969
5211
6100
6295
5823
5482
5710
5953
6157
6751
7634
7910
7846
7950
8281
8332
7884
7665
7623
8119
8572
8622
8517
8316
8656
8967
8835
8921
9664
10880
11184
10477
9914
9755
9424
8807
8581
8698
8281
7397
7238
7696
8100
8195
8301
8457
8360
7959
7481
6991
6956
7332
7309
6871
6318
6417
6273
5616
4990
5470
6636
6928
6357
5969
5958
5452
4779
4508
4657
4252
3932
4229
4443
4142
2757
1664
1212
1297
1588
1291
505
-320
-756
-816
-1005
-1409
-2039
-2348
-2077
-1444
-773
-920
-1893
-3458
-4640
-4881
-4623
-4833
-5069
-5479
-5558
-5377
-5439
-5477
-5877
-6256
-6894
-7345
-6874
-5688
-4746
-4877
-5904
-6640
-6943
-7130
-7528
-8022
-8201
-8360
-8693
-9051
-8604
-7936
-7760
-8198
-8484
-8564
-8978
-9140
-8815
-8455
-8255
-8333
-8555
-9022
-8984
-8928
-9386
-9832
-9648
-8713
-7926
-7921
-8309
-8565
-8641
-8377
-8451
-8787
-9179
-9376
-9040
-8400
-7667
-6591
-6044
-6409
-7166
-7663
-7556
-7014
-6475
-6370
-6263
-5859
-4984
-4358
-4085
-3747
-3318
-2860
-2573
-2423
-2772
-3058
-3069
-2578
-2203
-1774
-1099
-815
-1260
-1823
-1382
-631
-48
187
624
1000
1225
1729
2836
3628
3351
2523
2419
2927
3108
3256
3359
3535
3568
3452
3321
3452
4193
5199
5388
5149
5433
6372
7171
7060
6873
6946
6931
6700
6981
7891
8778
8911
8757
8632
8411
8926
9669
9978
9393
8777
9117
9457
8938
8166
7964
8506
9285
9707
9920
9512
9062
9436
10099
10327
9688
9407
9289
8876
8421
8395
8585
8358
7966
7728
7612
7170
6788
6820
6917
6730
6450
6190
6067
5573
5474
6237
7193
7359
6473
5459
4867
4880
4492
4134
3737
3736
3896
3298
2639
2242
2256
2193
1685
641
-29
63
576
626
239
-97
-683
-1407
-1586
-1641
-1754
-2124
-2738
-2923
-3047
-3229
-3894
-4280
-3738
-3438
-3813
-4277
-4667
-4956
-5359
-5721
-6100
-6476
-6529
-6614
-6932
-6983
-6742
-6443
-6292
-6345
-6100
-6387
-6930
-7592
-7692
-7001
-7274
-8376
-9335
-9032
-8104
-7951
-8249
-8392
-8453
-8358
-8908
-9419
-9729
-9467
-8927
-9070
-9142
-9391
-9507
-9896
-10074
-9489
-8512
-7870
-7679
-7680
-7787
-7766
-7515
-7205
-7306
-7618
-7643
-7535
-7248
-6916
-6538
-6461
-6515
-6161
-5882
-5207
-4622
-3911
-3430
-3671
-4154
-4519
-4230
-3723
-3537
-3866
-4091
-4327
-4008
-3365
-2871
-2397
-2034
-1698
-1929
-2300
